residue  ensemble  template
0 0.03394075267771246 0
1 0.0013417319852493392 0
2 0.00015919193663549436 0
3 0.00010220019994544582 0
4 0.0026330073443148194 0
5 0.0004759007921961711 0
6 0.00429317705061294 0
7 4.4871013926695014e-07 0
8 0.0001376976357292392 0
9 3.3057844348149956e-05 0
10 0.0001947003838722594 0
11 3.598293627504745e-07 0
12 5.921454521740088e-05 0
13 0.00014361041758093052 0
14 0.0006952318594812823 0
15 0.0012051824014633894 0
16 0.008546322196934852 0
17 0.00037593137602698334 0
18 2.784452954074368e-05 0
19 7.676541983414609e-06 0
20 0.0006709746514843573 0
21 0.000558098455826439 0
22 1.7296826939627863e-06 0
23 2.3816554772793097e-07 0
24 6.053888498058768e-06 0
25 0.0003703378105797128 0
26 7.346949928432878e-06 0
27 0.000331416984408861 0
28 4.893811853889929e-05 0
29 0.00563125146436505 0
30 0.0011333611473673955 0
31 0.0017893115291371942 0
32 9.077478924979232e-05 0
33 9.243755903298734e-05 0
34 7.980045282351966e-07 0
35 3.6141930799260535e-06 0
36 1.7117636351926535e-05 0
37 3.474224098454215e-05 0
38 8.37536325803967e-06 0
39 0.00125504467208426 0
40 0.0004916135603707517 0
41 0.01718980321311392 0
42 0.9143386781215668 1
43 0.9607239365577698 1
44 0.9627671241760254 1
45 0.953688383102417 1
46 0.20448728278279305 0
47 0.9323791563510895 1
48 0.896871417760849 1
49 0.9369593262672424 1
50 0.9540722072124481 1
51 0.09914815798401833 0
52 0.01286724339297507 0
53 0.0001507610250541802 0
54 0.012963448437744773 0
55 6.708003223820924e-05 0
56 0.00047223792898876127 0
57 0.0011608674553826859 0
58 0.0019592232565628365 0
59 0.0005482753003889229 0
60 0.010287888858334426 0
61 0.0337390828237521 0
62 0.010447854191596662 0
63 7.727041298899451e-05 0
64 0.0026045641172292022 0
65 0.0005185616610106081 0
66 0.00797018061706467 0
67 6.791634496803103e-06 0
68 7.833288357406154e-07 0
69 2.2723752649035645e-05 0
70 3.912642575265579e-05 0
71 1.6199022851992595e-05 0
72 0.0009222214666806394 0
73 0.010346155297611404 0
74 0.03752870042808354 0
75 0.003977575986937154 0
76 0.9227129817008972 1
77 0.9246126115322113 1
78 0.9767602682113647 1
79 0.12529043853282928 0
80 0.01991619821637869 0
81 0.006056796439224854 0
82 0.005314415320754051 0
83 0.9568103849887848 1
84 0.00745620540692471 0
85 0.024655030255416932 0
86 0.000184351072903155 0
87 0.0002630100059306528 0
88 0.0005111438350695607 0
89 0.0004398310754822887 0
90 0.0006286692022854368 0
91 8.076667513545743e-05 0
92 0.01821190784000226 0
93 0.0003278261409465008 0
94 0.0003912832424717294 0
95 0.0014076994850951152 0
96 0.00020910033417398388 0
97 3.166490661343779e-08 0
98 1.3338248605054837e-06 0
99 5.644722224396048e-05 0
100 9.087680794550579e-07 0
101 0.0032851492609751176 0
102 0.0012731450044611847 0
103 0.007323103972339595 0
104 0.19615617766976357 0
105 0.126735317906423 0
106 0.01803400565404445 0
107 0.0013423743948806077 0
108 0.0002992622565898273 0
109 0.010708211382507216 0
110 0.008038996655614028 0
111 9.359564137412235e-05 0
112 9.691720985927077e-05 0
113 0.002264990372623288 0
114 4.5253297318303964e-06 0
115 9.220776734167324e-07 0
116 4.723683546359325e-05 0
117 0.0003463885862089455 0
118 0.00021340370407569795 0
119 5.255781834624273e-08 0
120 5.429756528001206e-06 0
121 1.2197333385546849e-05 0
122 2.5370705167195723e-07 0
123 2.4021946758157053e-11 0
124 4.187617719253467e-07 0
125 2.1008173405334674e-06 0
126 0.0002792810528262635 0
127 7.45786649645197e-05 0
128 0.0003421055225771852 0
129 0.0005010414242860861 0
130 0.0005526094462240394 0
131 0.000641261474811472 0
132 0.0037032154214102775 0
133 0.010119752977630014 0
134 0.0019738993723876774 0
135 0.0001816416515794117 0
136 0.007862671394832432 0
137 4.8335097744711675e-05 0
138 0.9135122299194336 1
139 0.004602046683430672 0
140 0.0032891142618609592 0
141 0.0006022924335411517 0
142 0.003326498250416421 0
143 0.002431636262031134 0
144 0.004944355743626172 0
145 0.002844924435301266 0
146 0.0007731650663345135 0
147 1.0796681593205903e-06 0
148 3.849568395608571e-06 0
149 8.819038781471278e-07 0
150 0.0003754040536243508 0
151 0.0001748252889228752 0
152 0.0008744955452755221 0
153 0.0006218943053681869 0
154 0.0033311276201857254 0
155 0.02483364660292864 0
156 0.9678139984607697 1
157 0.026512802171055228 0
158 0.04039086680859327 0
159 0.015343723840487655 0
160 0.04078868648502976 0
161 0.9157012403011322 1
162 0.014110911237366963 0
163 0.004082872045273689 0
164 0.003624459721322637 0
165 0.009741070094605675 0
166 0.011382191511685846 0
167 0.0033751226098956977 0
168 0.002433906228361593 0
169 0.009885164734441787 0
170 0.0016134699108079076 0
171 0.002726626378716901 0
172 0.9480776786804199 1
173 0.004060144749473693 0
174 0.0057377858965992345 0
175 0.000669825716613559 0
176 0.006119048035088781 0
177 0.005748205623604008 0
178 0.004124988350667991 0
179 0.0061317505860643 0
180 0.0045828151232854 0
181 0.012308066554396646 0
182 0.0014356045248860028 0
183 0.028971124440431595 0
184 0.035774869727902114 0
185 0.9235222339630127 1
186 0.004014517602627166 0
187 0.00494090816937387 0
188 6.135687999631045e-05 0
189 0.0019398066506255418 0
190 2.9030475161562208e-05 0
191 5.2723313274327666e-05 0
192 1.5744684777274642e-05 0
193 2.6637747652102917e-07 0
194 4.385555493868765e-06 0
195 2.41132556766388e-05 0
196 0.00011571423240752665 0
197 5.098694487060129e-06 0
198 0.0007013961567281513 0
199 9.470981012782431e-07 0
200 0.00033818949304986745 0
201 0.004200539129669778 0
202 0.001482974534155801 0
203 0.0006963369758494764 0
204 0.0055732534965500236 0
205 0.0008037769293878227 0
206 0.9460563361644745 1
207 0.9246236681938171 1
208 0.020692620426416397 0
209 0.036371721886098385 0
210 0.00353848870145157 0
211 0.004520981613495678 0
212 0.00015847810072955326 0
213 0.0005556643054660526 0
214 0.003117943138931878 0
215 0.00011347784015924844 0
216 0.0005387951734974195 0
217 0.006824889279073432 0
218 0.00023119685761230357 0
219 0.0019184591474186163 0
220 0.010973388636557502 0
221 0.00013422548477137752 0
222 0.004623561999324011 0
223 0.00267197257198859 0
224 0.004142168055750517 0
225 5.486495220452525e-05 0
226 0.0064272244176208915 0
227 0.022071890998631716 0
228 0.0005615477048195316 0
229 0.002008948739103289 0
230 8.720983779042513e-05 0
231 0.018442025873810053 0
232 0.0009643007753616928 0
233 0.000965600396739319 0
234 0.011800818257285073 0
235 5.2429295479328175e-05 0
236 6.24200946283196e-05 0
237 0.0003586418724239593 0
238 7.528543345403094e-06 0
239 0.00011408230276543918 0
240 0.0010470850613946425 0
241 5.06655187037814e-07 0
242 5.607410978436533e-06 0
243 0.0002568162719853717 0
244 7.653721871214714e-05 0
245 3.898663973878058e-07 0
246 4.802863433667204e-05 0
247 0.0017635768989954226 0
248 5.6998864805368754e-05 0
249 7.690501504953318e-06 0
250 0.004568349797295923 0
251 0.004761300059271889 0
252 0.0003582927494107935 0
253 0.0025151781371732795 0
254 0.00013742739247391 0
255 0.0002283246722072363 0
256 0.0022060180758671777 0
257 0.0008061655971687287 0
258 0.005072692816611379 0
259 2.4149961035391243e-05 0
260 0.0001273666394348838 0
261 0.0001805820479603426 0
262 5.338473965821322e-05 0
263 0.0039160540072771255 0
264 0.00014835449796635203 0
265 0.00010222004965498854 0
266 0.00025740952287378605 0
267 0.0002602330773635586 0
268 0.00304357658943033 0
269 0.012795829511954793 0
270 0.003142995190920317 0
