 1 S  -0.3744 -0.7078 -0.6044 -0.4044 -0.2944 -0.5178 -0.2356
 2 M  0.1222 0.0733 0.0967 0.3744 -0.2911 0.7244 -0.0011
 3 Q  -0.2556 -0.1222 -0.0222 -0.5156 -0.3067 0.5867 -0.4122
 4 E  -0.2556 -0.2678 -0.0644 -0.7733 -0.9644 1.0000 -0.6467
 5 K  -0.0978 0.0733 0.1811 -0.9878 0.8078 0.3100 -0.2944
 6 I  1.0000 -0.0733 -0.0100 0.7244 -0.2067 0.1722 0.7644
 7 M  0.1222 0.0733 0.0967 0.3744 -0.2911 0.7244 -0.0011
 8 R  0.1167 0.4144 0.5178 -1.0000 1.0000 0.5867 -0.4122
 9 E  -0.2556 -0.2678 -0.0644 -0.7733 -0.9644 1.0000 -0.6467
 10 L  0.2367 -0.0733 -0.0100 0.6622 -0.2067 0.7933 -0.0589
 11 H  0.4267 0.1222 0.1533 -0.3011 0.2167 -0.0344 -0.1178
 12 V  0.7522 -0.3167 -0.2578 0.3678 -0.2122 -0.0344 1.0000
 13 K  -0.0978 0.0733 0.1811 -0.9878 0.8078 0.3100 -0.2944
 14 P  0.2744 -1.0000 -0.3267 0.0611 -0.0111 -1.0000 0.1178
 15 S  -0.3744 -0.7078 -0.6044 -0.4044 -0.2944 -0.5178 -0.2356
 16 I  1.0000 -0.0733 -0.0100 0.7244 -0.2067 0.1722 0.7644
 17 D  -0.2367 -0.4633 -0.3122 -0.8522 -1.0000 -0.1722 -0.7056
 18 P  0.2744 -1.0000 -0.3267 0.0611 -0.0111 -1.0000 0.1178
 19 K  -0.0978 0.0733 0.1811 -0.9878 0.8078 0.3100 -0.2944
 20 Q  -0.2556 -0.1222 -0.0222 -0.5156 -0.3067 0.5867 -0.4122
 21 E  -0.2556 -0.2678 -0.0644 -0.7733 -0.9644 1.0000 -0.6467
 22 I  1.0000 -0.0733 -0.0100 0.7244 -0.2067 0.1722 0.7644
 23 E  -0.2556 -0.2678 -0.0644 -0.7733 -0.9644 1.0000 -0.6467
 24 D  -0.2367 -0.4633 -0.3122 -0.8522 -1.0000 -0.1722 -0.7056
 25 R  0.1167 0.4144 0.5178 -1.0000 1.0000 0.5867 -0.4122
 26 V  0.7522 -0.3167 -0.2578 0.3678 -0.2122 -0.0344 1.0000
 27 N  -0.2367 -0.3656 -0.2700 -0.7489 -0.0833 -0.4478 -0.5878
 28 F  0.4033 0.4144 0.4578 0.7178 -0.3022 0.1722 0.3533
 29 L  0.2367 -0.0733 -0.0100 0.6622 -0.2067 0.7933 -0.0589
 30 K  -0.0978 0.0733 0.1811 -0.9878 0.8078 0.3100 -0.2944
 31 Q  -0.2556 -0.1222 -0.0222 -0.5156 -0.3067 0.5867 -0.4122
 32 Y  0.4033 0.4633 0.6011 0.2089 -0.3044 -0.1722 0.5289
 33 V  0.7522 -0.3167 -0.2578 0.3678 -0.2122 -0.0344 1.0000
 34 K  -0.0978 0.0733 0.1811 -0.9878 0.8078 0.3100 -0.2944
 35 K  -0.0978 0.0733 0.1811 -0.9878 0.8078 0.3100 -0.2944
 36 T  0.4467 -0.4633 -0.3567 -0.2211 -0.3200 -0.4478 0.2356
 37 G  -1.0000 -1.0000 -1.0000 -0.3800 -0.1989 -1.0000 -1.0000
 38 A  -0.3889 -0.7556 -0.7522 -0.1900 -0.1889 1.0000 -0.5289
 39 K  -0.0978 0.0733 0.1811 -0.9878 0.8078 0.3100 -0.2944
 40 G  -1.0000 -1.0000 -1.0000 -0.3800 -0.1989 -1.0000 -1.0000
 41 F  0.4033 0.4144 0.4578 0.7178 -0.3022 0.1722 0.3533
 42 V  0.7522 -0.3167 -0.2578 0.3678 -0.2122 -0.0344 1.0000
 43 L  0.2367 -0.0733 -0.0100 0.6622 -0.2067 0.7933 -0.0589
 44 G  -1.0000 -1.0000 -1.0000 -0.3800 -0.1989 -1.0000 -1.0000
 45 I  1.0000 -0.0733 -0.0100 0.7244 -0.2067 0.1722 0.7644
 46 S  -0.3744 -0.7078 -0.6044 -0.4044 -0.2944 -0.5178 -0.2356
 47 G  -1.0000 -1.0000 -1.0000 -0.3800 -0.1989 -1.0000 -1.0000
 48 G  -1.0000 -1.0000 -1.0000 -0.3800 -0.1989 -1.0000 -1.0000
 49 Q  -0.2556 -0.1222 -0.0222 -0.5156 -0.3067 0.5867 -0.4122
 50 D  -0.2367 -0.4633 -0.3122 -0.8522 -1.0000 -0.1722 -0.7056
 51 S  -0.3744 -0.7078 -0.6044 -0.4044 -0.2944 -0.5178 -0.2356
 52 T  0.4467 -0.4633 -0.3567 -0.2211 -0.3200 -0.4478 0.2356
 53 L  0.2367 -0.0733 -0.0100 0.6622 -0.2067 0.7933 -0.0589
 54 A  -0.3889 -0.7556 -0.7522 -0.1900 -0.1889 1.0000 -0.5289
 55 G  -1.0000 -1.0000 -1.0000 -0.3800 -0.1989 -1.0000 -1.0000
 56 R  0.1167 0.4144 0.5178 -1.0000 1.0000 0.5867 -0.4122
 57 L  0.2367 -0.0733 -0.0100 0.6622 -0.2067 0.7933 -0.0589
 58 A  -0.3889 -0.7556 -0.7522 -0.1900 -0.1889 1.0000 -0.5289
 59 Q  -0.2556 -0.1222 -0.0222 -0.5156 -0.3067 0.5867 -0.4122
 60 L  0.2367 -0.0733 -0.0100 0.6622 -0.2067 0.7933 -0.0589
 61 A  -0.3889 -0.7556 -0.7522 -0.1900 -0.1889 1.0000 -0.5289
 62 V  0.7522 -0.3167 -0.2578 0.3678 -0.2122 -0.0344 1.0000
 63 E  -0.2556 -0.2678 -0.0644 -0.7733 -0.9644 1.0000 -0.6467
 64 S  -0.3744 -0.7078 -0.6044 -0.4044 -0.2944 -0.5178 -0.2356
 65 I  1.0000 -0.0733 -0.0100 0.7244 -0.2067 0.1722 0.7644
 66 R  0.1167 0.4144 0.5178 -1.0000 1.0000 0.5867 -0.4122
 67 E  -0.2556 -0.2678 -0.0644 -0.7733 -0.9644 1.0000 -0.6467
 68 E  -0.2556 -0.2678 -0.0644 -0.7733 -0.9644 1.0000 -0.6467
 69 G  -1.0000 -1.0000 -1.0000 -0.3800 -0.1989 -1.0000 -1.0000
 70 G  -1.0000 -1.0000 -1.0000 -0.3800 -0.1989 -1.0000 -1.0000
 71 D  -0.2367 -0.4633 -0.3122 -0.8522 -1.0000 -0.1722 -0.7056
 72 A  -0.3889 -0.7556 -0.7522 -0.1900 -0.1889 1.0000 -0.5289
 73 Q  -0.2556 -0.1222 -0.0222 -0.5156 -0.3067 0.5867 -0.4122
 74 F  0.4033 0.4144 0.4578 0.7178 -0.3022 0.1722 0.3533
 75 I  1.0000 -0.0733 -0.0100 0.7244 -0.2067 0.1722 0.7644
 76 A  -0.3889 -0.7556 -0.7522 -0.1900 -0.1889 1.0000 -0.5289
 77 V  0.7522 -0.3167 -0.2578 0.3678 -0.2122 -0.0344 1.0000
 78 R  0.1167 0.4144 0.5178 -1.0000 1.0000 0.5867 -0.4122
 79 L  0.2367 -0.0733 -0.0100 0.6622 -0.2067 0.7933 -0.0589
 80 P  0.2744 -1.0000 -0.3267 0.0611 -0.0111 -1.0000 0.1178
 81 H  0.4267 0.1222 0.1533 -0.3011 0.2167 -0.0344 -0.1178
 82 G  -1.0000 -1.0000 -1.0000 -0.3800 -0.1989 -1.0000 -1.0000
 83 T  0.4467 -0.4633 -0.3567 -0.2211 -0.3200 -0.4478 0.2356
 84 Q  -0.2556 -0.1222 -0.0222 -0.5156 -0.3067 0.5867 -0.4122
 85 Q  -0.2556 -0.1222 -0.0222 -0.5156 -0.3067 0.5867 -0.4122
 86 D  -0.2367 -0.4633 -0.3122 -0.8522 -1.0000 -0.1722 -0.7056
 87 E  -0.2556 -0.2678 -0.0644 -0.7733 -0.9644 1.0000 -0.6467
 88 D  -0.2367 -0.4633 -0.3122 -0.8522 -1.0000 -0.1722 -0.7056
 89 D  -0.2367 -0.4633 -0.3122 -0.8522 -1.0000 -0.1722 -0.7056
 90 A  -0.3889 -0.7556 -0.7522 -0.1900 -0.1889 1.0000 -0.5289
 91 Q  -0.2556 -0.1222 -0.0222 -0.5156 -0.3067 0.5867 -0.4122
 92 L  0.2367 -0.0733 -0.0100 0.6622 -0.2067 0.7933 -0.0589
 93 A  -0.3889 -0.7556 -0.7522 -0.1900 -0.1889 1.0000 -0.5289
 94 L  0.2367 -0.0733 -0.0100 0.6622 -0.2067 0.7933 -0.0589
 95 K  -0.0978 0.0733 0.1811 -0.9878 0.8078 0.3100 -0.2944
 96 F  0.4033 0.4144 0.4578 0.7178 -0.3022 0.1722 0.3533
 97 I  1.0000 -0.0733 -0.0100 0.7244 -0.2067 0.1722 0.7644
 98 K  -0.0978 0.0733 0.1811 -0.9878 0.8078 0.3100 -0.2944
 99 P  0.2744 -1.0000 -0.3267 0.0611 -0.0111 -1.0000 0.1178
 100 D  -0.2367 -0.4633 -0.3122 -0.8522 -1.0000 -0.1722 -0.7056
 101 K  -0.0978 0.0733 0.1811 -0.9878 0.8078 0.3100 -0.2944
 102 S  -0.3744 -0.7078 -0.6044 -0.4044 -0.2944 -0.5178 -0.2356
 103 W  0.5322 1.0000 1.0000 1.0000 -0.2322 0.3100 0.5878
 104 K  -0.0978 0.0733 0.1811 -0.9878 0.8078 0.3100 -0.2944
 105 F  0.4033 0.4144 0.4578 0.7178 -0.3022 0.1722 0.3533
 106 D  -0.2367 -0.4633 -0.3122 -0.8522 -1.0000 -0.1722 -0.7056
 107 I  1.0000 -0.0733 -0.0100 0.7244 -0.2067 0.1722 0.7644
 108 K  -0.0978 0.0733 0.1811 -0.9878 0.8078 0.3100 -0.2944
 109 S  -0.3744 -0.7078 -0.6044 -0.4044 -0.2944 -0.5178 -0.2356
 110 T  0.4467 -0.4633 -0.3567 -0.2211 -0.3200 -0.4478 0.2356
 111 V  0.7522 -0.3167 -0.2578 0.3678 -0.2122 -0.0344 1.0000
 112 S  -0.3744 -0.7078 -0.6044 -0.4044 -0.2944 -0.5178 -0.2356
 113 A  -0.3889 -0.7556 -0.7522 -0.1900 -0.1889 1.0000 -0.5289
 114 F  0.4033 0.4144 0.4578 0.7178 -0.3022 0.1722 0.3533
 115 S  -0.3744 -0.7078 -0.6044 -0.4044 -0.2944 -0.5178 -0.2356
 116 D  -0.2367 -0.4633 -0.3122 -0.8522 -1.0000 -0.1722 -0.7056
 117 Q  -0.2556 -0.1222 -0.0222 -0.5156 -0.3067 0.5867 -0.4122
 118 Y  0.4033 0.4633 0.6011 0.2089 -0.3044 -0.1722 0.5289
 119 Q  -0.2556 -0.1222 -0.0222 -0.5156 -0.3067 0.5867 -0.4122
 120 Q  -0.2556 -0.1222 -0.0222 -0.5156 -0.3067 0.5867 -0.4122
 121 E  -0.2556 -0.2678 -0.0644 -0.7733 -0.9644 1.0000 -0.6467
 122 T  0.4467 -0.4633 -0.3567 -0.2211 -0.3200 -0.4478 0.2356
 123 G  -1.0000 -1.0000 -1.0000 -0.3800 -0.1989 -1.0000 -1.0000
 124 D  -0.2367 -0.4633 -0.3122 -0.8522 -1.0000 -0.1722 -0.7056
 125 Q  -0.2556 -0.1222 -0.0222 -0.5156 -0.3067 0.5867 -0.4122
 126 L  0.2367 -0.0733 -0.0100 0.6622 -0.2067 0.7933 -0.0589
 127 T  0.4467 -0.4633 -0.3567 -0.2211 -0.3200 -0.4478 0.2356
 128 D  -0.2367 -0.4633 -0.3122 -0.8522 -1.0000 -0.1722 -0.7056
 129 F  0.4033 0.4144 0.4578 0.7178 -0.3022 0.1722 0.3533
 130 N  -0.2367 -0.3656 -0.2700 -0.7489 -0.0833 -0.4478 -0.5878
 131 K  -0.0978 0.0733 0.1811 -0.9878 0.8078 0.3100 -0.2944
 132 G  -1.0000 -1.0000 -1.0000 -0.3800 -0.1989 -1.0000 -1.0000
 133 N  -0.2367 -0.3656 -0.2700 -0.7489 -0.0833 -0.4478 -0.5878
 134 V  0.7522 -0.3167 -0.2578 0.3678 -0.2122 -0.0344 1.0000
 135 K  -0.0978 0.0733 0.1811 -0.9878 0.8078 0.3100 -0.2944
 136 A  -0.3889 -0.7556 -0.7522 -0.1900 -0.1889 1.0000 -0.5289
 137 R  0.1167 0.4144 0.5178 -1.0000 1.0000 0.5867 -0.4122
 138 T  0.4467 -0.4633 -0.3567 -0.2211 -0.3200 -0.4478 0.2356
 139 R  0.1167 0.4144 0.5178 -1.0000 1.0000 0.5867 -0.4122
 140 M  0.1222 0.0733 0.0967 0.3744 -0.2911 0.7244 -0.0011
 141 I  1.0000 -0.0733 -0.0100 0.7244 -0.2067 0.1722 0.7644
 142 A  -0.3889 -0.7556 -0.7522 -0.1900 -0.1889 1.0000 -0.5289
 143 Q  -0.2556 -0.1222 -0.0222 -0.5156 -0.3067 0.5867 -0.4122
 144 Y  0.4033 0.4633 0.6011 0.2089 -0.3044 -0.1722 0.5289
 145 A  -0.3889 -0.7556 -0.7522 -0.1900 -0.1889 1.0000 -0.5289
 146 I  1.0000 -0.0733 -0.0100 0.7244 -0.2067 0.1722 0.7644
 147 G  -1.0000 -1.0000 -1.0000 -0.3800 -0.1989 -1.0000 -1.0000
 148 G  -1.0000 -1.0000 -1.0000 -0.3800 -0.1989 -1.0000 -1.0000
 149 Q  -0.2556 -0.1222 -0.0222 -0.5156 -0.3067 0.5867 -0.4122
 150 E  -0.2556 -0.2678 -0.0644 -0.7733 -0.9644 1.0000 -0.6467
 151 G  -1.0000 -1.0000 -1.0000 -0.3800 -0.1989 -1.0000 -1.0000
 152 L  0.2367 -0.0733 -0.0100 0.6622 -0.2067 0.7933 -0.0589
 153 L  0.2367 -0.0733 -0.0100 0.6622 -0.2067 0.7933 -0.0589
 154 V  0.7522 -0.3167 -0.2578 0.3678 -0.2122 -0.0344 1.0000
 155 L  0.2367 -0.0733 -0.0100 0.6622 -0.2067 0.7933 -0.0589
 156 G  -1.0000 -1.0000 -1.0000 -0.3800 -0.1989 -1.0000 -1.0000
 157 T  0.4467 -0.4633 -0.3567 -0.2211 -0.3200 -0.4478 0.2356
 158 D  -0.2367 -0.4633 -0.3122 -0.8522 -1.0000 -0.1722 -0.7056
 159 H  0.4267 0.1222 0.1533 -0.3011 0.2167 -0.0344 -0.1178
 160 A  -0.3889 -0.7556 -0.7522 -0.1900 -0.1889 1.0000 -0.5289
 161 A  -0.3889 -0.7556 -0.7522 -0.1900 -0.1889 1.0000 -0.5289
 162 E  -0.2556 -0.2678 -0.0644 -0.7733 -0.9644 1.0000 -0.6467
 163 A  -0.3889 -0.7556 -0.7522 -0.1900 -0.1889 1.0000 -0.5289
 164 V  0.7522 -0.3167 -0.2578 0.3678 -0.2122 -0.0344 1.0000
 165 T  0.4467 -0.4633 -0.3567 -0.2211 -0.3200 -0.4478 0.2356
 166 G  -1.0000 -1.0000 -1.0000 -0.3800 -0.1989 -1.0000 -1.0000
 167 F  0.4033 0.4144 0.4578 0.7178 -0.3022 0.1722 0.3533
 168 F  0.4033 0.4144 0.4578 0.7178 -0.3022 0.1722 0.3533
 169 T  0.4467 -0.4633 -0.3567 -0.2211 -0.3200 -0.4478 0.2356
 170 K  -0.0978 0.0733 0.1811 -0.9878 0.8078 0.3100 -0.2944
 171 Y  0.4033 0.4633 0.6011 0.2089 -0.3044 -0.1722 0.5289
 172 G  -1.0000 -1.0000 -1.0000 -0.3800 -0.1989 -1.0000 -1.0000
 173 D  -0.2367 -0.4633 -0.3122 -0.8522 -1.0000 -0.1722 -0.7056
 174 G  -1.0000 -1.0000 -1.0000 -0.3800 -0.1989 -1.0000 -1.0000
 175 G  -1.0000 -1.0000 -1.0000 -0.3800 -0.1989 -1.0000 -1.0000
 176 A  -0.3889 -0.7556 -0.7522 -0.1900 -0.1889 1.0000 -0.5289
 177 D  -0.2367 -0.4633 -0.3122 -0.8522 -1.0000 -0.1722 -0.7056
 178 L  0.2367 -0.0733 -0.0100 0.6622 -0.2067 0.7933 -0.0589
 179 L  0.2367 -0.0733 -0.0100 0.6622 -0.2067 0.7933 -0.0589
 180 P  0.2744 -1.0000 -0.3267 0.0611 -0.0111 -1.0000 0.1178
 181 L  0.2367 -0.0733 -0.0100 0.6622 -0.2067 0.7933 -0.0589
 182 T  0.4467 -0.4633 -0.3567 -0.2211 -0.3200 -0.4478 0.2356
 183 G  -1.0000 -1.0000 -1.0000 -0.3800 -0.1989 -1.0000 -1.0000
 184 L  0.2367 -0.0733 -0.0100 0.6622 -0.2067 0.7933 -0.0589
 185 T  0.4467 -0.4633 -0.3567 -0.2211 -0.3200 -0.4478 0.2356
 186 K  -0.0978 0.0733 0.1811 -0.9878 0.8078 0.3100 -0.2944
 187 R  0.1167 0.4144 0.5178 -1.0000 1.0000 0.5867 -0.4122
 188 Q  -0.2556 -0.1222 -0.0222 -0.5156 -0.3067 0.5867 -0.4122
 189 G  -1.0000 -1.0000 -1.0000 -0.3800 -0.1989 -1.0000 -1.0000
 190 R  0.1167 0.4144 0.5178 -1.0000 1.0000 0.5867 -0.4122
 191 T  0.4467 -0.4633 -0.3567 -0.2211 -0.3200 -0.4478 0.2356
 192 L  0.2367 -0.0733 -0.0100 0.6622 -0.2067 0.7933 -0.0589
 193 L  0.2367 -0.0733 -0.0100 0.6622 -0.2067 0.7933 -0.0589
 194 K  -0.0978 0.0733 0.1811 -0.9878 0.8078 0.3100 -0.2944
 195 E  -0.2556 -0.2678 -0.0644 -0.7733 -0.9644 1.0000 -0.6467
 196 L  0.2367 -0.0733 -0.0100 0.6622 -0.2067 0.7933 -0.0589
 197 G  -1.0000 -1.0000 -1.0000 -0.3800 -0.1989 -1.0000 -1.0000
 198 A  -0.3889 -0.7556 -0.7522 -0.1900 -0.1889 1.0000 -0.5289
 199 P  0.2744 -1.0000 -0.3267 0.0611 -0.0111 -1.0000 0.1178
 200 E  -0.2556 -0.2678 -0.0644 -0.7733 -0.9644 1.0000 -0.6467
 201 R  0.1167 0.4144 0.5178 -1.0000 1.0000 0.5867 -0.4122
 202 L  0.2367 -0.0733 -0.0100 0.6622 -0.2067 0.7933 -0.0589
 203 Y  0.4033 0.4633 0.6011 0.2089 -0.3044 -0.1722 0.5289
 204 L  0.2367 -0.0733 -0.0100 0.6622 -0.2067 0.7933 -0.0589
 205 K  -0.0978 0.0733 0.1811 -0.9878 0.8078 0.3100 -0.2944
 206 E  -0.2556 -0.2678 -0.0644 -0.7733 -0.9644 1.0000 -0.6467
 207 P  0.2744 -1.0000 -0.3267 0.0611 -0.0111 -1.0000 0.1178
 208 T  0.4467 -0.4633 -0.3567 -0.2211 -0.3200 -0.4478 0.2356
 209 A  -0.3889 -0.7556 -0.7522 -0.1900 -0.1889 1.0000 -0.5289
 210 D  -0.2367 -0.4633 -0.3122 -0.8522 -1.0000 -0.1722 -0.7056
 211 L  0.2367 -0.0733 -0.0100 0.6622 -0.2067 0.7933 -0.0589
 212 L  0.2367 -0.0733 -0.0100 0.6622 -0.2067 0.7933 -0.0589
 213 D  -0.2367 -0.4633 -0.3122 -0.8522 -1.0000 -0.1722 -0.7056
 214 E  -0.2556 -0.2678 -0.0644 -0.7733 -0.9644 1.0000 -0.6467
 215 K  -0.0978 0.0733 0.1811 -0.9878 0.8078 0.3100 -0.2944
 216 P  0.2744 -1.0000 -0.3267 0.0611 -0.0111 -1.0000 0.1178
 217 Q  -0.2556 -0.1222 -0.0222 -0.5156 -0.3067 0.5867 -0.4122
 218 Q  -0.2556 -0.1222 -0.0222 -0.5156 -0.3067 0.5867 -0.4122
 219 S  -0.3744 -0.7078 -0.6044 -0.4044 -0.2944 -0.5178 -0.2356
 220 D  -0.2367 -0.4633 -0.3122 -0.8522 -1.0000 -0.1722 -0.7056
 221 E  -0.2556 -0.2678 -0.0644 -0.7733 -0.9644 1.0000 -0.6467
 222 T  0.4467 -0.4633 -0.3567 -0.2211 -0.3200 -0.4478 0.2356
 223 E  -0.2556 -0.2678 -0.0644 -0.7733 -0.9644 1.0000 -0.6467
 224 L  0.2367 -0.0733 -0.0100 0.6622 -0.2067 0.7933 -0.0589
 225 G  -1.0000 -1.0000 -1.0000 -0.3800 -0.1989 -1.0000 -1.0000
 226 I  1.0000 -0.0733 -0.0100 0.7244 -0.2067 0.1722 0.7644
 227 S  -0.3744 -0.7078 -0.6044 -0.4044 -0.2944 -0.5178 -0.2356
 228 Y  0.4033 0.4633 0.6011 0.2089 -0.3044 -0.1722 0.5289
 229 D  -0.2367 -0.4633 -0.3122 -0.8522 -1.0000 -0.1722 -0.7056
 230 E  -0.2556 -0.2678 -0.0644 -0.7733 -0.9644 1.0000 -0.6467
 231 I  1.0000 -0.0733 -0.0100 0.7244 -0.2067 0.1722 0.7644
 232 D  -0.2367 -0.4633 -0.3122 -0.8522 -1.0000 -0.1722 -0.7056
 233 D  -0.2367 -0.4633 -0.3122 -0.8522 -1.0000 -0.1722 -0.7056
 234 Y  0.4033 0.4633 0.6011 0.2089 -0.3044 -0.1722 0.5289
 235 L  0.2367 -0.0733 -0.0100 0.6622 -0.2067 0.7933 -0.0589
 236 E  -0.2556 -0.2678 -0.0644 -0.7733 -0.9644 1.0000 -0.6467
 237 G  -1.0000 -1.0000 -1.0000 -0.3800 -0.1989 -1.0000 -1.0000
 238 K  -0.0978 0.0733 0.1811 -0.9878 0.8078 0.3100 -0.2944
 239 E  -0.2556 -0.2678 -0.0644 -0.7733 -0.9644 1.0000 -0.6467
 240 V  0.7522 -0.3167 -0.2578 0.3678 -0.2122 -0.0344 1.0000
 241 S  -0.3744 -0.7078 -0.6044 -0.4044 -0.2944 -0.5178 -0.2356
 242 A  -0.3889 -0.7556 -0.7522 -0.1900 -0.1889 1.0000 -0.5289
 243 K  -0.0978 0.0733 0.1811 -0.9878 0.8078 0.3100 -0.2944
 244 V  0.7522 -0.3167 -0.2578 0.3678 -0.2122 -0.0344 1.0000
 245 S  -0.3744 -0.7078 -0.6044 -0.4044 -0.2944 -0.5178 -0.2356
 246 E  -0.2556 -0.2678 -0.0644 -0.7733 -0.9644 1.0000 -0.6467
 247 A  -0.3889 -0.7556 -0.7522 -0.1900 -0.1889 1.0000 -0.5289
 248 L  0.2367 -0.0733 -0.0100 0.6622 -0.2067 0.7933 -0.0589
 249 E  -0.2556 -0.2678 -0.0644 -0.7733 -0.9644 1.0000 -0.6467
 250 K  -0.0978 0.0733 0.1811 -0.9878 0.8078 0.3100 -0.2944
 251 R  0.1167 0.4144 0.5178 -1.0000 1.0000 0.5867 -0.4122
 252 Y  0.4033 0.4633 0.6011 0.2089 -0.3044 -0.1722 0.5289
 253 S  -0.3744 -0.7078 -0.6044 -0.4044 -0.2944 -0.5178 -0.2356
 254 M  0.1222 0.0733 0.0967 0.3744 -0.2911 0.7244 -0.0011
 255 T  0.4467 -0.4633 -0.3567 -0.2211 -0.3200 -0.4478 0.2356
 256 E  -0.2556 -0.2678 -0.0644 -0.7733 -0.9644 1.0000 -0.6467
 257 H  0.4267 0.1222 0.1533 -0.3011 0.2167 -0.0344 -0.1178
 258 K  -0.0978 0.0733 0.1811 -0.9878 0.8078 0.3100 -0.2944
 259 R  0.1167 0.4144 0.5178 -1.0000 1.0000 0.5867 -0.4122
 260 Q  -0.2556 -0.1222 -0.0222 -0.5156 -0.3067 0.5867 -0.4122
 261 V  0.7522 -0.3167 -0.2578 0.3678 -0.2122 -0.0344 1.0000
 262 P  0.2744 -1.0000 -0.3267 0.0611 -0.0111 -1.0000 0.1178
 263 A  -0.3889 -0.7556 -0.7522 -0.1900 -0.1889 1.0000 -0.5289
 264 S  -0.3744 -0.7078 -0.6044 -0.4044 -0.2944 -0.5178 -0.2356
 265 M  0.1222 0.0733 0.0967 0.3744 -0.2911 0.7244 -0.0011
 266 F  0.4033 0.4144 0.4578 0.7178 -0.3022 0.1722 0.3533
 267 D  -0.2367 -0.4633 -0.3122 -0.8522 -1.0000 -0.1722 -0.7056
 268 D  -0.2367 -0.4633 -0.3122 -0.8522 -1.0000 -0.1722 -0.7056
 269 W  0.5322 1.0000 1.0000 1.0000 -0.2322 0.3100 0.5878
 270 W  0.5322 1.0000 1.0000 1.0000 -0.2322 0.3100 0.5878
 271 K  -0.0978 0.0733 0.1811 -0.9878 0.8078 0.3100 -0.2944
 272 -  1.0000 1.0000 1.0000 1.0000 1.0000 1.0000 1.0000
